# Created by Octave 4.0.0, Wed Aug 09 14:51:14 2017 GTB Daylight Time <unknown@mhcrnl-PC>
# name: v
# type: range
# base, limit, increment
-10 10 0.1


